%YAML:1.0
calibration_Time: "Tue Jul 16 09:39:38 2013"
nrOfFrames: 25
image_Width: 640
image_Height: 480
board_Width: 6
board_Height: 9
square_Size: 2.5399999618530273e+01
FixAspectRatio: 1.
# flags:  +fix_aspectRatio +zero_tangent_dist
flagValue: 10
Camera_Matrix: !!opencv-matrix
   rows: 3
   cols: 3
   dt: d
   data: [ 3.0947884126890227e+02, 0., 2.9967345562406456e+02, 0.,
       3.0947884126890227e+02, 2.2876810508707615e+02, 0., 0., 1. ]
Distortion_Coefficients: !!opencv-matrix
   rows: 5
   cols: 1
   dt: d
   data: [ 4.5987741383781602e-02, -1.1546445442826087e-02, 0., 0.,
       -5.4079792900236019e-02 ]
Avg_Reprojection_Error: 2.7122116334245672e-01
Per_View_Reprojection_Errors: !!opencv-matrix
   rows: 25
   cols: 1
   dt: f
   data: [ 3.79246056e-01, 3.91106069e-01, 4.04109627e-01,
       3.89781713e-01, 3.97272348e-01, 4.41754013e-01, 2.84512013e-01,
       2.54239112e-01, 2.75962770e-01, 2.25990683e-01, 2.50756502e-01,
       2.29613081e-01, 2.42485374e-01, 2.40915090e-01, 2.21921310e-01,
       1.66407660e-01, 1.46850362e-01, 1.47456557e-01, 1.54550835e-01,
       2.06483528e-01, 1.96825802e-01, 1.91241533e-01, 1.80989876e-01,
       1.87125415e-01, 1.97270483e-01 ]
# a set of 6-tuples (rotation vector + translation vector) for each view
Extrinsic_Parameters: !!opencv-matrix
   rows: 25
   cols: 6
   dt: d
   data: [ -6.0038733202137172e-02, -3.8603578332689022e-02,
       1.5015976626302829e+00, 1.7711743374308375e+02,
       -4.0685533217001456e+01, 3.4360473603844019e+02,
       -6.9948008088709157e-02, -4.0698193816175635e-02,
       1.5050113818396904e+00, 1.7718981594927598e+02,
       -3.6458884755271676e+01, 3.4418915724814872e+02,
       -7.6159227549046707e-02, -4.6021172946693077e-02,
       1.5081608517434433e+00, 1.7720066220285199e+02,
       -3.2356686208701554e+01, 3.4488496374951819e+02,
       -7.6642560054031153e-02, -5.5804689857215102e-02,
       1.5026652152960409e+00, 1.7706367043032748e+02,
       -2.8553017777717695e+01, 3.4571044055958907e+02,
       -7.4356018863157541e-02, -6.2711381833370661e-02,
       1.5003370682423660e+00, 1.7749738659082297e+02,
       -2.6810339800043106e+01, 3.4609689388980519e+02,
       -6.8713840621528813e-02, -6.7816578462342028e-02,
       1.5317448965869827e+00, 1.7954863610452466e+02,
       -3.2909075230084696e+01, 3.4826604540084247e+02,
       5.4984367237123312e-03, -1.5217319778047758e-02,
       1.4938578707267407e+00, 1.7936342717701370e+02,
       -4.5330272735216326e+01, 3.5981202185226681e+02,
       3.6691516166012419e-02, -1.1789331457540348e-02,
       1.5518567098197709e+00, 1.9830013457410502e+02,
       -4.2508918377071950e+01, 3.7363733765965384e+02,
       8.5981158892626773e-03, 2.8964103637611352e-03,
       1.5416559084783474e+00, 2.2108731950168985e+02,
       -4.9469719353759906e+01, 3.7766610857551524e+02,
       1.2466592501375190e-02, -1.1204947124684445e-02,
       1.5228815334809775e+00, 2.4807355710311708e+02,
       -5.1522615463638189e+01, 3.8044528850696895e+02,
       1.5197630561768120e-02, -1.9810309531147246e-02,
       1.5242059505216288e+00, 2.5125629880443125e+02,
       -4.9602530815978398e+01, 3.8173989475097801e+02,
       1.3863282668079182e-02, -1.7557896719456935e-02,
       1.5270422682500995e+00, 2.5074262123753135e+02,
       -4.7948406434605367e+01, 3.8300076343311287e+02,
       1.7231024844280393e-02, -2.7169840895276052e-02,
       1.5278190877057241e+00, 2.4519872319732039e+02,
       -4.8532543225634420e+01, 3.8264825866373252e+02,
       1.5526780717803031e-02, -3.5113636872088398e-02,
       1.5473959679553289e+00, 2.1721184864547942e+02,
       -4.9180255282953929e+01, 3.8076688985027977e+02,
       1.3280152640647171e-02, -3.0433638618163318e-02,
       1.5526355648683376e+00, 1.6610379649365692e+02,
       -4.9178975630798526e+01, 3.7721952287733109e+02,
       8.5268300913987904e-03, -1.9460578604695394e-02,
       1.5636757144836526e+00, 1.4918418797565423e+02,
       -4.7250643418803428e+01, 3.7535073737986050e+02,
       8.5612034698918059e-03, -2.2941039848050061e-02,
       1.5625894301179633e+00, 1.5429176098431870e+02,
       -4.7332443544051550e+01, 3.7489599435644470e+02,
       2.1877836127849816e-03, -2.1108317903575147e-02,
       1.5674051199551720e+00, 1.5234214737178547e+02,
       -5.1177692717720682e+01, 3.7529827380876731e+02,
       1.0211186181751811e-03, -2.3251617443125355e-02,
       1.5728692010499694e+00, 1.5778630704567666e+02,
       -5.0546950129247946e+01, 3.7442897770967704e+02,
       -1.3733895692558385e-02, 6.2806896863655528e-03,
       1.1519212051763577e+00, 1.6230890814672074e+02,
       -1.0393421608049148e+02, 3.7197741230662012e+02,
       7.4683141303134980e-03, 1.3711820852602459e-02,
       1.1082542326141616e+00, 1.5796000823216653e+02,
       -1.0128514548690885e+02, 3.7040320005089580e+02,
       5.0588133491766829e-03, 2.0521217985767386e-02,
       1.1199295870069659e+00, 1.5698261296465216e+02,
       -9.9923489858191871e+01, 3.7009447555375567e+02,
       -4.8632454081549009e-03, 1.7384442372494646e-02,
       1.1237353755014015e+00, 1.6229363658971067e+02,
       -1.0137370314411753e+02, 3.7083292720084603e+02,
       -9.4944796232435016e-04, 1.3907732654191906e-02,
       1.1275668944042891e+00, 1.6357708294635904e+02,
       -9.9973019753997420e+01, 3.7126354469106889e+02,
       -4.7923292877670217e-03, 1.6812909474219095e-02,
       1.1381752650635923e+00, 1.6449233907242117e+02,
       -9.8635924312024116e+01, 3.7261829760609459e+02 ]
