%YAML:1.0
calibration_Time: "Thu Jul 18 09:08:03 2013"
nrOfFrames: 25
image_Width: 640
image_Height: 480
board_Width: 6
board_Height: 9
square_Size: 2.5399999618530273e+01
FixAspectRatio: 1.
# flags:  +fix_aspectRatio +zero_tangent_dist
flagValue: 10
Camera_Matrix: !!opencv-matrix
   rows: 3
   cols: 3
   dt: d
   data: [ 7.9939650113597872e+02, 0., 3.1191542141507171e+02, 0.,
       7.9939650113597872e+02, 2.1424832699966279e+02, 0., 0., 1. ]
Distortion_Coefficients: !!opencv-matrix
   rows: 5
   cols: 1
   dt: d
   data: [ 9.2803256890900090e-02, -1.0854044577547635e+00, 0., 0.,
       2.4502626687523335e+00 ]
Avg_Reprojection_Error: 3.9368221524705621e-01
Per_View_Reprojection_Errors: !!opencv-matrix
   rows: 25
   cols: 1
   dt: f
   data: [ 2.32471839e-01, 2.26000190e-01, 2.49073908e-01,
       2.86816210e-01, 2.59636253e-01, 3.05904329e-01, 3.91953200e-01,
       4.02525365e-01, 4.26185638e-01, 3.43090534e-01, 2.74372578e-01,
       2.31887147e-01, 2.32537776e-01, 2.14502871e-01, 2.34517634e-01,
       2.45103896e-01, 2.52087653e-01, 6.05435789e-01, 8.59921575e-01,
       9.15293276e-01, 4.99283195e-01, 3.44190270e-01, 2.19824255e-01,
       1.92422464e-01, 2.11174935e-01 ]
# a set of 6-tuples (rotation vector + translation vector) for each view
Extrinsic_Parameters: !!opencv-matrix
   rows: 25
   cols: 6
   dt: d
   data: [ -5.9629150147218195e-02, 5.6708194691928553e-02,
       1.6154924982517205e+00, 1.3366261614709958e+02,
       -1.9794959716570684e+01, 5.1800388070883355e+02,
       -6.1269296229683357e-02, 6.8243939088789299e-02,
       1.6136500560492064e+00, 1.3465498213530847e+02,
       -2.1099904944513259e+01, 5.1812046638297852e+02,
       -5.4953935156724726e-02, 8.3352798803996209e-02,
       1.6109960320497818e+00, 1.3479473716553116e+02,
       -2.2518894643647730e+01, 5.1536041456980547e+02,
       -3.0306269761059022e-02, 9.1273960086674974e-02,
       1.5993761514917639e+00, 1.3563786779247297e+02,
       -2.5295240726703618e+01, 5.0741444681589553e+02,
       -5.7313081925524628e-03, 9.9621058802270804e-02,
       1.5974789111004273e+00, 1.3582065883103311e+02,
       -2.6136489271399395e+01, 4.9674003373716988e+02,
       -3.2860537002740711e-03, 7.2182726258330068e-02,
       1.5860614941126812e+00, 1.3547004439090739e+02,
       -2.6914734746128236e+01, 4.7874820070675293e+02,
       3.7972180186090575e-02, 1.6799912581848353e-01,
       1.5937549245680225e+00, 1.3546503980165124e+02,
       -2.3340864087035609e+01, 4.0844376726857575e+02,
       8.0221612555315472e-02, 2.1918158562367948e-01,
       1.5912020147130301e+00, 1.3305229904309030e+02,
       -2.3238434440807307e+01, 3.6169009367643520e+02,
       7.1303232758803584e-02, 2.3620550537249507e-01,
       1.5952901667236403e+00, 1.3143168940278346e+02,
       -2.5220003773976643e+01, 3.7018658908258175e+02,
       4.4219377304326693e-02, 1.7748171888215081e-01,
       1.5970628437124050e+00, 1.3263883106745146e+02,
       -2.5694121727665067e+01, 4.0265130816251781e+02,
       1.9116643040064100e-02, 1.2736695176644575e-01,
       1.5988799863735716e+00, 1.3327520809388915e+02,
       -2.2975139531732530e+01, 4.5537707368419171e+02,
       1.7038893982685255e-02, 1.6654791671783542e-01,
       1.5951987763282431e+00, 1.3148097082290383e+02,
       -2.3562446750334566e+01, 4.7469623519070171e+02,
       3.5112391054836611e-03, 1.8253278653907434e-01,
       1.5913319281620848e+00, 1.3107652411536986e+02,
       -2.3125299720193269e+01, 4.9982960394202451e+02,
       -2.7696627482353294e-02, 1.7678098420219018e-01,
       1.5906945463963498e+00, 1.3143783259906070e+02,
       -2.2378599742387905e+01, 5.2876126149412141e+02,
       -6.7488826038070215e-02, 1.6569866003104575e-01,
       1.5863683896644396e+00, 1.3148747385839712e+02,
       -2.2789161747988246e+01, 5.5652233120110441e+02,
       -8.7227274175107047e-02, 1.4009575628893539e-01,
       1.5692751040877264e+00, 1.3102433802217342e+02,
       -2.3847251832105037e+01, 5.7767907087424635e+02,
       -9.8589123031175216e-02, 1.2937560600428713e-01,
       1.5570101786773141e+00, 1.3072003232548053e+02,
       -2.3639153650484634e+01, 5.9146569959476608e+02,
       -7.9726835180728081e-02, 5.3394635336176395e-02,
       1.3404379405368207e+00, 1.3803084761977570e+02,
       -5.1484036780657775e+01, 5.9535890563206522e+02,
       -4.0769546100636898e-02, 9.0333798136482693e-02,
       1.2086907019751076e+00, 1.3943622447016313e+02,
       -6.2382348554019920e+01, 5.8311330072169415e+02,
       -3.3555321737627139e-02, 1.4548785609097087e-01,
       1.6883108990404994e+00, 1.6363472136506780e+02,
       3.2277671132418981e+00, 5.6647508945477739e+02,
       -1.1402625559554279e-01, 2.2458617806707182e-01,
       1.8119985022781153e+00, 1.5820648594494142e+02,
       2.0235176131616197e+00, 5.5010656418780889e+02,
       -3.0733660069924697e-02, 1.7065111393715135e-01,
       1.6547178103858804e+00, 1.5050678835644658e+02,
       -1.4565482584610786e+01, 5.3363454343755382e+02,
       1.2306536580525211e-02, 1.6272116518493279e-01,
       1.5751212457069073e+00, 1.4708471618978976e+02,
       -1.8737917951684135e+01, 5.2355556754360475e+02,
       1.1573611376944787e-02, 1.6568019515954513e-01,
       1.5865187267453749e+00, 1.4506131264527761e+02,
       -1.6203077526511144e+01, 5.1620250250924107e+02,
       2.1314686059243453e-02, 1.7531845914564217e-01,
       1.5957997074923198e+00, 1.4477826706750773e+02,
       -1.4721470527992871e+01, 5.0723755921320151e+02 ]
